1 0.163993 0.071327 0.201426 0.027104
0 0.428699 0.193295 0.723708 0.099857
1 0.358734 0.272825 0.585561 0.043509
1 0.213012 0.395863 0.117647 0.028531
0 0.256239 0.476819 0.280749 0.062054
1 0.182709 0.530670 0.119430 0.034237
1 0.349376 0.531384 0.180036 0.031384
0 0.348039 0.630171 0.457219 0.056348
1 0.271836 0.671184 0.295900 0.031384
0 0.306150 0.770685 0.364528 0.053495
1 0.206774 0.810271 0.158645 0.029957
1 0.498217 0.924394 0.217469 0.027104
1 0.428699 0.947218 0.065954 0.017118
1 0.499109 0.946505 0.058824 0.014265
1 0.569519 0.947218 0.065954 0.017118