0 0.500000 0.067637 0.296591 0.048801
1 0.456534 0.144692 0.125568 0.023116
1 0.459659 0.331336 0.136364 0.015411
1 0.450000 0.345890 0.115909 0.010274
1 0.880682 0.370291 0.053409 0.008562
1 0.459091 0.432791 0.135227 0.029110
1 0.923295 0.427226 0.032955 0.020548
1 0.902273 0.495719 0.081818 0.022260
1 0.903977 0.532534 0.080682 0.022260
1 0.469318 0.604666 0.154545 0.011558
1 0.408523 0.622860 0.029545 0.008562
1 0.456250 0.623288 0.038636 0.007705
1 0.452841 0.634418 0.035227 0.010274
1 0.401136 0.645120 0.014773 0.006849
1 0.418750 0.645120 0.013636 0.006849
1 0.447727 0.644264 0.028409 0.011130
1 0.475000 0.705051 0.165909 0.025685
1 0.923864 0.699914 0.028409 0.017123
1 0.901989 0.743151 0.084659 0.025685
1 0.899432 0.779966 0.087500 0.022260
1 0.907955 0.817637 0.081818 0.020548
1 0.893182 0.854452 0.097727 0.022260
1 0.436364 0.867723 0.089773 0.018836
1 0.871591 0.910103 0.072727 0.010274
1 0.589205 0.954623 0.178409 0.010274
1 0.833523 0.954623 0.055682 0.010274
1 0.917614 0.954623 0.044318 0.010274
1 0.184091 0.959332 0.254545 0.023116
1 0.903409 0.973031 0.012500 0.006849
1 0.513636 0.983305 0.026136 0.006849
1 0.820455 0.983305 0.026136 0.006849
1 0.913068 0.991866 0.031818 0.006849
1 0.176989 0.985231 0.019142 0.009119