1 0.043672 0.049929 0.033868 0.019971
1 0.088235 0.049929 0.030303 0.019971
1 0.237077 0.049929 0.192513 0.017118
1 0.883244 0.049929 0.101604 0.017118
0 0.145276 0.276748 0.053476 0.052782
0 0.447415 0.382311 0.718360 0.115549
0 0.227273 0.489301 0.279857 0.105563
1 0.189840 0.584165 0.203209 0.042796
1 0.291444 0.625535 0.406417 0.042796
1 0.352941 0.721113 0.433155 0.025678
1 0.275401 0.765335 0.278075 0.025678
1 0.210784 0.793509 0.148841 0.027817
1 0.225936 0.856990 0.198752 0.023538
1 0.438503 0.858060 0.142602 0.021398
1 0.640820 0.856633 0.155080 0.018545