1 0.442584 0.058214 0.065391 0.020734
1 0.542265 0.057416 0.098884 0.019139
0 0.533493 0.175439 0.802233 0.159490
0 0.509171 0.307815 0.562201 0.125997
0 0.790271 0.487241 0.188198 0.051037
1 0.295853 0.555024 0.062201 0.025518
1 0.425837 0.555821 0.062201 0.028708
1 0.749601 0.555821 0.103668 0.028708
1 0.860447 0.555821 0.102073 0.028708
0 0.352472 0.712919 0.188198 0.059011
0 0.789474 0.713716 0.183413 0.047847
1 0.304625 0.782297 0.084530 0.028708
1 0.414673 0.782297 0.116427 0.028708
1 0.588517 0.768740 0.097289 0.044657
1 0.740829 0.783094 0.084530 0.025518
1 0.847687 0.783094 0.103668 0.025518
0 0.519139 0.912679 0.610845 0.064593