0 0.460339 0.055635 0.316399 0.057061
0 0.505348 0.405136 0.217469 0.047076
0 0.506684 0.462553 0.442959 0.052068
1 0.218360 0.743224 0.053476 0.027104
1 0.299465 0.744650 0.046346 0.022825
1 0.372549 0.743937 0.051693 0.025678
1 0.655971 0.755350 0.108734 0.028531
1 0.798574 0.755350 0.126560 0.028531
1 0.219251 0.793866 0.055258 0.028531
1 0.348485 0.793153 0.149733 0.029957
1 0.642602 0.830243 0.081996 0.029957
1 0.744207 0.829529 0.071301 0.028531
1 0.218360 0.843795 0.053476 0.028531
1 0.334225 0.843795 0.121212 0.028531
0 0.509804 0.944365 0.727273 0.068474