1 0.444179 0.061404 0.065391 0.020734
1 0.540670 0.060606 0.100478 0.020734
0 0.520734 0.159490 0.800638 0.148325
0 0.339314 0.283094 0.404306 0.111643
0 0.977273 0.328947 0.029506 0.056619
1 0.314195 0.433014 0.298246 0.035088
1 0.537480 0.434609 0.089314 0.023923
1 0.566188 0.555024 0.102073 0.025518
1 0.850080 0.560606 0.043062 0.015949
1 0.850877 0.573365 0.044657 0.012759
1 0.346890 0.649123 0.365231 0.038278
1 0.586922 0.650718 0.063796 0.025518
1 0.644338 0.650718 0.035088 0.025518
1 0.823764 0.730463 0.046252 0.038278
1 0.307815 0.756778 0.282297 0.035088
1 0.496810 0.759171 0.039872 0.025518
1 0.547847 0.759171 0.039872 0.025518
0 0.820175 0.689394 0.188558 0.081037
0 0.831738 0.774721 0.161038 0.075032