1 0.427002 0.030029 0.158691 0.036621
1 0.515625 0.030762 0.013672 0.016602
1 0.587402 0.030029 0.127930 0.035645
1 0.951172 0.095215 0.013672 0.014648
0 0.278809 0.140137 0.118164 0.073242
0 0.283936 0.220947 0.335449 0.086426
1 0.762207 0.221191 0.312500 0.041016
1 0.758301 0.263184 0.304688 0.041016
0 0.283203 0.311523 0.252930 0.077148
1 0.762207 0.304688 0.251953 0.041992
1 0.927734 0.309082 0.023438 0.028320
0 0.283691 0.393555 0.428711 0.083984
1 0.626953 0.432129 0.059570 0.038086
1 0.799561 0.432373 0.266113 0.043457
0 0.283936 0.481445 0.281738 0.071289
1 0.799316 0.506348 0.322266 0.031250
0 0.284180 0.541992 0.302734 0.046875
1 0.789062 0.569336 0.313477 0.041992
1 0.773438 0.609375 0.276367 0.041992
1 0.932129 0.620117 0.017578 0.022461
1 0.817139 0.726074 0.216309 0.037109
1 0.184082 0.749512 0.238281 0.044922
1 0.802246 0.765137 0.310547 0.041016
0 0.251953 0.800293 0.378906 0.047852
1 0.821289 0.803711 0.161133 0.041992
1 0.284180 0.868164 0.295898 0.043945
1 0.832031 0.861816 0.163086 0.031250
1 0.793213 0.892090 0.289551 0.033203
1 0.289062 0.907715 0.305664 0.044922
1 0.820312 0.939453 0.224609 0.025391