1 0.500926 0.258519 0.342593 0.037037
1 0.504630 0.304444 0.314815 0.032593
1 0.500926 0.351852 0.407407 0.032593
1 0.500000 0.445185 0.220370 0.032593
1 0.501389 0.492222 0.400926 0.037778
1 0.500926 0.537778 0.587037 0.035556
1 0.500463 0.631481 0.454630 0.037778
1 0.496296 0.678519 0.407407 0.035556
1 0.501852 0.725185 0.357407 0.032593
1 0.500000 0.818519 0.150000 0.032593
1 0.497222 0.864444 0.344444 0.032593
1 0.046296 0.980000 0.053704 0.014815
1 0.136111 0.979259 0.109259 0.017778
1 0.500000 0.977037 0.116667 0.026667