1 0.140741 0.129630 0.053704 0.014815
1 0.876852 0.129630 0.062963 0.014815
1 0.960185 0.129630 0.040741 0.014815
1 0.140741 0.195556 0.107407 0.017778
1 0.420370 0.196296 0.083333 0.014815
1 0.579630 0.199259 0.038889 0.011852
1 0.721296 0.196296 0.107407 0.014815
1 0.872222 0.199259 0.031481 0.011852
1 0.979167 0.197778 0.041667 0.011852
1 0.156481 0.231111 0.137037 0.031111
1 0.421296 0.231852 0.085185 0.029630
1 0.700000 0.230370 0.064815 0.026667
1 0.978241 0.230370 0.043519 0.026667
1 0.190741 0.282222 0.205556 0.014815
1 0.481481 0.282222 0.205556 0.014815
1 0.770370 0.282222 0.205556 0.014815
1 0.974074 0.283704 0.035185 0.011852
1 0.148148 0.348148 0.112963 0.017778
1 0.279630 0.348889 0.027778 0.011852
1 0.381481 0.348889 0.035185 0.011852
1 0.437037 0.348889 0.038889 0.011852
1 0.629630 0.348148 0.200000 0.017778
1 0.112037 0.391852 0.033333 0.011852
1 0.548148 0.388889 0.035185 0.014815
1 0.114815 0.421481 0.038889 0.011852
1 0.548148 0.434815 0.035185 0.014815
1 0.113889 0.452593 0.037037 0.011852
1 0.114352 0.482593 0.041667 0.015556
1 0.549074 0.480741 0.037037 0.014815
1 0.985185 0.502222 0.027778 0.010370
1 0.111111 0.513333 0.031481 0.011852
1 0.985648 0.520741 0.028704 0.011852
1 0.548148 0.526667 0.035185 0.014815
1 0.112037 0.543704 0.033333 0.013333
1 0.111111 0.574815 0.035185 0.014815
0 0.432407 0.601481 0.725926 0.053333
0 0.344444 0.677778 0.550000 0.080000
1 0.842593 0.705185 0.042593 0.013333
1 0.850000 0.737778 0.031481 0.013333
0 0.273611 0.756296 0.406481 0.072593
1 0.848148 0.776296 0.031481 0.013333
1 0.850926 0.814074 0.033333 0.014815
1 0.348148 0.853333 0.466667 0.035556
1 0.619444 0.852593 0.074074 0.014815
1 0.963889 0.852593 0.029630 0.011852
1 0.393519 0.905926 0.555556 0.032593
1 0.923611 0.130000 0.039538 0.019754