1 0.427002 0.030029 0.158691 0.036621
1 0.515625 0.030762 0.013672 0.016602
1 0.587402 0.030273 0.127930 0.035156
0 0.278809 0.140137 0.118164 0.073242
0 0.284424 0.220459 0.334473 0.085449
1 0.762207 0.221191 0.312500 0.041016
1 0.757812 0.263184 0.303711 0.041016
0 0.283203 0.311523 0.254883 0.077148
1 0.762695 0.303711 0.252930 0.041992
1 0.627441 0.431641 0.061523 0.039062
1 0.851807 0.432373 0.161621 0.043457
0 0.283936 0.481445 0.279785 0.071289
1 0.798828 0.506348 0.323242 0.031250
0 0.283447 0.541992 0.304199 0.047852
1 0.789062 0.568359 0.313477 0.041016
1 0.773438 0.609131 0.276367 0.042480
1 0.930176 0.618164 0.009766 0.014648
1 0.817139 0.726074 0.216309 0.037109
1 0.184082 0.749512 0.238281 0.044922
0 0.251953 0.800293 0.378906 0.047852
1 0.821045 0.803955 0.161621 0.043457
1 0.284180 0.867676 0.295898 0.044922
1 0.832031 0.861816 0.163086 0.031250
1 0.793701 0.892578 0.288574 0.032227
0 0.288818 0.907959 0.306152 0.047363
1 0.820312 0.938965 0.224609 0.026367