1 0.949761 0.036683 0.059011 0.044657
1 0.505582 0.060606 0.287081 0.044657
0 0.838118 0.135566 0.138756 0.057416
0 0.416667 0.174641 0.630781 0.172249
0 0.845694 0.188198 0.165072 0.066986
0 0.677033 0.307815 0.245614 0.052632
1 0.705742 0.354067 0.293461 0.033493
0 0.709330 0.451356 0.305423 0.051037
1 0.721691 0.497608 0.328549 0.033493
0 0.754386 0.594099 0.397129 0.051037
1 0.706539 0.637959 0.295056 0.033493
0 0.711324 0.728868 0.311005 0.052632
1 0.706539 0.775120 0.295056 0.033493
0 0.510766 0.848884 0.409091 0.050239
0 0.320574 0.930622 0.398724 0.059011
0 0.742424 0.929825 0.282297 0.060606