1 0.501852 0.157639 0.620370 0.041667
1 0.418519 0.224653 0.372222 0.027083
1 0.643519 0.224306 0.053704 0.020833
1 0.508796 0.253125 0.517593 0.027083
1 0.327778 0.275000 0.155556 0.022222
1 0.678704 0.275694 0.503704 0.025000
1 0.464352 0.297917 0.426852 0.020833
1 0.446759 0.319792 0.391667 0.027083
1 0.400926 0.379861 0.359259 0.025000
1 0.617593 0.379861 0.053704 0.020833
1 0.355556 0.409722 0.207407 0.022222
1 0.573148 0.431597 0.642593 0.022917
1 0.545370 0.454167 0.592593 0.025000
1 0.421296 0.476389 0.342593 0.022222
1 0.331944 0.539931 0.200926 0.027083
1 0.511111 0.538889 0.133333 0.022222
1 0.617593 0.539583 0.057407 0.020833
1 0.468519 0.574306 0.437037 0.022222
1 0.424074 0.596528 0.350000 0.025000
1 0.592130 0.618056 0.682407 0.022222
1 0.332407 0.681944 0.222222 0.026389
1 0.522222 0.681944 0.133333 0.022222
1 0.627778 0.681944 0.055556 0.022222
1 0.487963 0.734028 0.474074 0.025000
1 0.471296 0.756944 0.438889 0.022222
1 0.500000 0.831597 0.301852 0.029861
1 0.504630 0.860069 0.809259 0.034028
1 0.975000 0.979861 0.048148 0.027778