1 0.129234 0.045649 0.212121 0.017118
1 0.504456 0.046362 0.105169 0.014265
1 0.890374 0.047076 0.165775 0.022825
1 0.283422 0.261056 0.388592 0.034237
0 0.429590 0.360913 0.688057 0.136947
0 0.411319 0.490014 0.646168 0.134094
1 0.209447 0.622682 0.231729 0.042796
1 0.335116 0.666191 0.468806 0.044223
1 0.311052 0.766405 0.327986 0.026391
1 0.108734 0.942939 0.060606 0.017118
1 0.274510 0.943652 0.192513 0.021398
1 0.651070 0.944009 0.113191 0.023538
1 0.764706 0.943652 0.096257 0.018545
1 0.871658 0.943652 0.096257 0.018545