1 0.500797 0.054226 0.261563 0.039872
1 0.948963 0.046252 0.046252 0.033493
0 0.444577 0.146730 0.522329 0.137161
0 0.480861 0.262360 0.421053 0.121212
0 0.737640 0.243222 0.059011 0.068581
0 0.574163 0.375997 0.355662 0.051834
1 0.582137 0.420255 0.368421 0.035088
0 0.625997 0.498006 0.459330 0.048644
1 0.558612 0.540670 0.324561 0.038278
0 0.614434 0.619617 0.431419 0.051037
1 0.567783 0.662679 0.336523 0.035088
0 0.619219 0.739633 0.447368 0.051834
1 0.574960 0.783892 0.354067 0.035088
0 0.507177 0.850080 0.333333 0.052632
1 0.154705 0.945774 0.194577 0.044657
1 0.393142 0.945774 0.250399 0.044657
0 0.773923 0.942982 0.380383 0.083732
0 0.840909 0.231260 0.158556 0.080592