1 0.388357 0.192982 0.051037 0.014354
1 0.534290 0.192185 0.208931 0.015949
0 0.508772 0.259171 0.516746 0.078150
1 0.406699 0.329346 0.145136 0.028708
1 0.586124 0.329346 0.162679 0.028708
1 0.386762 0.372408 0.079745 0.015949
1 0.492823 0.372408 0.113238 0.015949
1 0.606061 0.372408 0.092504 0.015949
1 0.064593 0.532695 0.095694 0.011164
1 0.434609 0.532695 0.095694 0.011164
1 0.767145 0.532695 0.097289 0.011164
1 0.450558 0.591707 0.031898 0.011164
1 0.533493 0.590909 0.121212 0.012759
1 0.169059 0.616427 0.191388 0.033493
1 0.517544 0.624402 0.162679 0.028708
1 0.848485 0.637161 0.111643 0.020734
1 0.126794 0.646730 0.063796 0.012759
1 0.204147 0.646730 0.071770 0.012759
1 0.468900 0.651515 0.068581 0.012759
1 0.162679 0.669856 0.065391 0.011164
1 0.531898 0.676236 0.089314 0.011164
1 0.037480 0.763955 0.044657 0.011164
1 0.393142 0.763955 0.076555 0.011164
1 0.760766 0.763955 0.148325 0.011164
1 0.494418 0.821372 0.078150 0.014354
1 0.148325 0.878788 0.038278 0.019139
1 0.841308 0.566188 0.041179 0.014924
1 0.802632 0.580941 0.048234 0.043204
1 0.190590 0.871212 0.045433 0.021386