1 0.404306 0.054226 0.173844 0.019139
1 0.503987 0.106858 0.370016 0.038278
0 0.856459 0.101276 0.127592 0.049442
0 0.858852 0.154705 0.108453 0.052632
0 0.868820 0.201356 0.126794 0.058214
1 0.964912 0.208134 0.030303 0.028708
0 0.497608 0.267943 0.287081 0.114833
0 0.499203 0.449761 0.724083 0.267943
0 0.513557 0.618820 0.539075 0.079745
0 0.520335 0.726874 0.584530 0.102871
1 0.500000 0.830941 0.121212 0.041467
0 0.395534 0.884370 0.338118 0.062201
1 0.584530 0.885167 0.023923 0.028708
0 0.689793 0.884370 0.167464 0.062201
1 0.525518 0.955343 0.468900 0.033493