1 0.501595 0.054226 0.259968 0.041467
1 0.948963 0.046252 0.046252 0.033493
0 0.501196 0.160686 0.661085 0.174641
0 0.583333 0.282297 0.595694 0.098884
1 0.472887 0.413876 0.105263 0.035088
0 0.677033 0.415470 0.202552 0.062201
1 0.563796 0.473684 0.307815 0.041467
1 0.475279 0.570973 0.111643 0.038278
0 0.668262 0.574163 0.204147 0.063796
1 0.535486 0.627990 0.252791 0.039075
1 0.475279 0.719298 0.111643 0.038278
0 0.658692 0.720893 0.188198 0.060606
1 0.535885 0.774322 0.251994 0.039872
1 0.522329 0.846890 0.435407 0.044657
1 0.154705 0.945774 0.194577 0.044657
1 0.392344 0.945774 0.248804 0.044657
0 0.777113 0.943780 0.383573 0.082137