1 0.133244 0.050642 0.179144 0.025678
0 0.505348 0.290300 0.472371 0.052782
0 0.307041 0.396576 0.277184 0.062767
0 0.601604 0.394080 0.160428 0.046362
1 0.818182 0.393723 0.105169 0.044223
0 0.312389 0.447218 0.189840 0.055635
1 0.306595 0.520685 0.304813 0.044223
0 0.690285 0.519615 0.239750 0.047789
0 0.307487 0.562767 0.260250 0.048502
1 0.696078 0.563481 0.249554 0.044223
1 0.259358 0.621255 0.060606 0.028531
1 0.335116 0.621969 0.058824 0.029957
1 0.645276 0.621255 0.058824 0.028531
1 0.724599 0.621255 0.067736 0.028531
1 0.306595 0.650499 0.226381 0.029957
1 0.694296 0.650499 0.196078 0.029957
1 0.500891 0.730385 0.235294 0.034237
1 0.500000 0.769615 0.518717 0.038516
1 0.501783 0.910128 0.185383 0.027104
0 0.724599 0.400143 0.090051 0.053155