1 0.038889 0.086111 0.048148 0.016667
1 0.437037 0.089583 0.059259 0.020833
1 0.076389 0.104514 0.130556 0.025694
1 0.489352 0.112500 0.163889 0.030556
1 0.331481 0.255556 0.044444 0.016667
1 0.368519 0.270139 0.122222 0.018056
1 0.837037 0.376389 0.035185 0.012500
1 0.368519 0.563194 0.157407 0.030556
1 0.542593 0.561806 0.087037 0.027778
1 0.647222 0.569444 0.090741 0.016667
1 0.749074 0.565972 0.077778 0.025000
1 0.816667 0.568056 0.064815 0.009722
0 0.501852 0.637500 0.627778 0.045833
1 0.499074 0.687153 0.624074 0.035417
1 0.499074 0.724306 0.637037 0.030556
1 0.498611 0.797222 0.830556 0.033333
1 0.974074 0.980556 0.050000 0.026389